 1         4
 2        14
 3        58
 4       272
 5      1118
 6      3531
 7      8653
 8     17292
 9     29420
10     41991
11     54976
12     62730
13     66096
14     66432
 1         4
 2        15
 3        54
 4       239
 5      1079
 6      4660
 7     19183
 8     71653
 9    207487
10    354378
11    385203
12    387482
13    387520
 1         3
 2        17
 3       126
 4      1050
 5      8761
 6     51261
 7    136795
 8    160231
 9    160380
 1         4
 2        30
 3       226
 4      1280
 5      8154
 6     45809
 7    136145
 8    166210
 9    166320
 1         3
 2        15
 3       106
 4       951
 5      9826
 6     89711
 7    447496
 8    662070
 9    663552
